2222222
333
44444
33313331
33323332
33333333
33343334
33353335
33363336
33373337
687687
688688
689689
690690
691691
692692
693693
694694
695695
696696
696969
697697
698698
699699
700700
701701
702702
703703
704704
705705
706706
707070
707707
708708
709709
710710
711711
712712
713713
714714
715715
716716
717171
717717
718718
719719
720720
721721
722722
723723
724724
725725
726726
727272
727727
728728
729729
730730
731731
732732
733733
734734
735735
736736
737373
737737
738738
739739
740740
741741
742742
743743
744744
745745
746746
747474
747747
748748
749749
750750
751751
752752
753753
754754
755755
756756
757575
757757
758758
759759
760760
761761
762762
763763
764764
765765
766766
767676
767767
768768
769769
770770
771771
772772
773773
774774
775775
776776
777777
778778
779779
780780
781781
782782
783783
784784
785785
786786
787787
787878
788788
789789
790790
791791
792792
793793
794794
795795
796796
797797
797979
798798
799799
800800
801801
802802
803803
804804
805805
806806
807807
808080
808808
809809
810810
811811
812812
813813
814814
815815
816816
817817
818181
818818
819819
820820
821821
822822
823823
824824
825825
826826
827827
828282
828828
829829
830830
831831
832832
833833
834834
953953
954954
955955
956956
957957
958958
959595
959959
960960
961961
962962
963963
964964
965965
966966
967967
968968
969696
969969
970970
971971
972972
973973
974974
975975
976976
977977
978978
979797
979979
980980
981981
982982
33333
7219872198
7575675756
7575757575
7575775757
11
2020
2121
2222
2323
2424
102102
103103
104104
105105
106106
107107
108108
109109
110110
111111
112112
113113
114114
115115
116116
117117
118118
119119
120120
121121
121212
122122
123123
124124
125125
126126
127127
128128
129129
130130
131131
131313
132132
133133
134134
135135
136136
137137
138138
139139
140140
141141
141414
142142
143143
144144
145145
146146
147147
148148
149149
150150
151151
151515
152152
153153
154154
155155
156156
157157
158158
159159
160160
161161
161616
162162
163163
97919791
97929792
97939793
97949794
97959795
97969796
97979797
97989798
97999799
55555
66666
77777
33
44
4646
4747
4848
4949
5050
5151
5252
5353
5454
5555
5656
5757
5858
5959
6060
6161
6262
6363
6464
6565
6666
6767
3333333
414414
415415
416416
417417
418418
419419
420420
421421
422422
423423
424242
424424
425425
426426
427427
428428
429429
430430
431431
432432
433433
434343
434434
435435
436436
437437
438438
439439
440440
441441
442442
443443
444444
445445
446446
447447
448448
449449
450450
451451
452452
453453
454454
454545
455455
456456
457457
458458
459459
460460
461461
462462
463463
464464
464646
465465
466466
467467
468468
469469
470470
471471
472472
473473
474474
474747
475475
476476
477477
478478
479479
480480
481481
482482
483483
484484
484848
485485
486486
487487
488488
489489
490490
491491
492492
493493
494494
494949
495495
496496
497497
498498
499499
500500
501501
502502
503503
504504
505050
505505
506506
507507
508508
509509
510510
511511
512512
513513
514514
515151
515515
516516
517517
518518
519519
520520
521521
522522
523523
524524
525252
525525
526526
527527
528528
529529
530530
531531
532532
533533
534534
535353
535535
536536
537537
538538
539539
540540
541541
542542
543543
544544
545454
545545
546546
547547
548548
549549
550550
551551
552552
553553
554554
555555
556556
557557
558558
559559
560560
561561
562562
563563
564564
565565
565656
566566
567567
568568
569569
570570
571571
572572
573573
574574
575575
575757
576576
577577
578578
579579
580580
581581
582582
583583
584584
585585
585858
586586
587587
588588
589589
590590
591591
592592
593593
594594
595595
595959
596596
597597
598598
599599
600600
601601
602602
603603
604604
605605
606060
606606
607607
555
666
777
888
999
22222
7070
7171
7272
7373
7474
7575
7676
7777
7878
7979
8080
8181
8282
8383
8484
8585
8686
8787
8888
8989
9090
9191
9292
9393
9494
9595
9696
9797
9898
9999
878787
878878
879879
880880
881881
882882
883883
884884
885885
886886
887887
888888
889889
890890
891891
892892
893893
894894
895895
896896
897897
898898
898989
899899
900900
901901
902902
903903
904904
905905
906906
907907
908908
909090
909909
910910
911911
66
77
88
9999999
10001000
10011001
17311731
17321732
17331733
17341734
17351735
17361736
17371737
17381738
17391739
17401740
17411741
17421742
17431743
1786717867
1786817868
6955869558
983983
984984
985985
986986
987987
988988
989898
989989
990990
991991
992992
993993
994994
995995
996996
997997
998998
999999
842842842
14031403
14041404
14051405
14061406
14071407
14081408
14091409
14101410
14111411
14121412
14131413
14141414
14151415
14161416
14171417
14181418
14191419
14201420
14211421
